LLVM IR Vector : 
[-0.8428464   0.15552913 -0.5662634   0.41169262 -0.05483476 -0.29886258
  0.08315349  0.5848362   0.9146519  -0.5625015  -0.00301458  0.34665304
  0.5981183   0.46022227  0.10682893  0.55246407 -0.282332    0.8026235
  0.54069763 -0.3726495  -0.68692154 -0.38486356 -0.49163976 -0.6145032
 -0.4970709   0.44622573  0.57631475 -0.34386343  0.33989337  0.20482804
 -0.46539304  0.50781333 -0.6364431   0.22360338  0.4482321  -0.01141782
  0.04335626  0.5798108   0.41480035  0.28855515  0.19188248 -0.70148593
 -0.5263288  -0.57734334 -0.41539747 -0.11188053 -0.17137828  0.40803814
  0.7116746   0.11463047 -0.44826576 -0.369374    0.5087261  -0.03691101
 -0.6850311  -0.44422838 -0.70827    -0.6793414   0.28934768 -0.8431075
  0.05720223  0.03535944 -0.28028738 -0.39973518 -0.47663635  0.5241029
 -0.8982633  -0.05753759 -0.21369019  0.5676467  -0.17183189 -0.5612871
  0.70853794 -0.60265744  0.20143126  0.44680098  0.6022601  -0.37260726
 -0.41496077 -0.6364243  -0.6341944   0.05526993 -0.25804782 -0.00786664
  0.565733    0.7138367   0.9727614   0.43814012 -0.37478703 -0.33648053
  0.38453412  0.60251576 -0.2372478   0.5870918   0.08413526  0.54235697
 -0.48700872  0.73997694  0.557349    0.6772347   0.47883853 -0.06557896
  0.5598162  -0.4584149  -0.00777364 -0.93403184  0.63461     0.43865678
 -0.6631391   0.3124992   0.24934031  0.14391477 -0.6058997   0.9805763
 -1.0153706   0.06661976 -0.67161906  0.09195133 -0.47528413 -0.8968402
  0.8013107   0.473029    0.58591807  0.5521742   0.37164646 -0.4747888
  0.6819447   0.9330899  -0.17893869  0.70425946 -0.03449763 -0.6506875
  0.6652593   0.40880153  0.61271924 -0.32405585 -0.10645067  0.7584712
 -0.23787518 -0.17453945 -0.09283033 -0.03240788  0.6962155   0.8128648
 -0.3701989  -0.40613845  0.58258796  0.65456265  0.5609296   0.14161116
  0.09249944 -0.08423833  0.6831429  -0.6329283   0.8491498   0.45249453
 -0.24575993 -0.41286626 -0.4689141   0.17666607  0.47680813  0.7801343
 -0.7344462  -0.40349457 -0.0415719   0.5181185  -0.0129684   0.04440406
  0.5317938  -0.01042854  1.1797851  -0.25155464  0.48103467 -0.4247854
 -0.7780433  -0.670708   -0.2683338  -0.4094149   0.43495184 -0.53996694
 -0.38184112  0.32352513  0.2006132   0.43225795  0.22723308 -0.6011501
  0.5592502   0.6659629   0.34731606 -0.5467605   0.38708383 -0.84732926
 -0.83482265  0.557806    0.5589773  -0.51521945 -0.59352446 -0.754613
  0.6451915   0.3687762 ]
LLVM IR Vector : 
[-0.29506433  0.60764784 -0.5973963  -0.11707928  0.45838958 -0.41795504
  0.49479106  0.6166987   0.31086817 -0.82416797 -0.63342464 -0.21597655
  0.0148073   0.47343895 -0.06078623  0.20759371 -0.10936689  0.8833452
  0.5919062  -0.28855246 -0.4561777  -0.4975393  -0.40100724 -0.20687525
 -0.8131139   0.718144    0.40195572  0.13614543  0.72667307  0.5096347
 -0.4340633   0.32863957 -0.58151543  0.45750928  0.49091527 -0.12502345
  0.00844654  0.3340638   0.27938092  0.500789   -0.07866456 -0.45374689
 -0.4179943  -0.8038926  -0.48093143 -0.07487    -0.6454048   0.23061158
  0.37441665  0.37726182 -0.5934195  -0.622372   -0.06482565 -0.49204332
 -0.72191375 -0.27623394 -0.13710818 -0.6866743   0.8950233  -0.7964845
  0.621789    0.39762166 -0.42111984 -0.8302318  -0.582921    0.613285
 -0.5053958  -0.41129428 -0.27467993  0.6111518   0.6354027  -0.38480794
  0.47619548 -0.58135873  0.46739322  0.24128178  0.64052707 -0.7078404
 -0.3445358  -0.2604643  -0.43953446 -0.3078448  -0.46505117 -0.43144357
  0.48991975  1.0525472   0.71231425  0.5426098  -0.1998762  -0.43556762
  0.5682007   0.41304678 -0.22308168  0.551222    0.28958818  0.577482
 -0.2657498   0.29964995 -0.5003628   0.37291974  0.27315047  0.53116554
  0.7102801  -0.5763143  -0.03355276 -0.41999048  0.3377103   0.4939155
 -0.56366026 -0.38139674  0.24277054  0.4649502  -0.72830874  0.41893417
 -0.24408327 -0.15429841 -0.4177422   0.1844184   0.1458398  -0.63024855
  0.42935246  0.75833005  0.7229868   0.6426417   0.3814766  -0.38150528
  0.37249446  0.3855932   0.21778597  0.7481803   0.42476833 -0.7065746
  0.4003716   0.27606794  0.59922385 -0.40511462  0.3973583   0.49831104
 -0.52061874 -0.37190452  0.47642034 -0.28939798  0.4456044   0.50396776
 -0.18786375 -0.35388142  0.39895982  0.5477405   0.5769387  -0.20185897
 -0.00501495 -0.0441139  -0.01310984 -0.5778453   0.5073828   0.62198627
 -0.22972268 -0.13756618 -0.26299262  0.55738604  0.804262    0.37740564
 -0.2701709  -0.5589842   0.16271959  0.64050376 -0.40469632  0.28767157
  0.20085798 -0.58006525  0.43319178 -0.43437144  0.48257276 -0.31860805
 -0.32541034 -0.5706337  -0.75037485 -0.50037074  0.5162702  -0.78447115
 -0.4392755   0.3367162   0.48451468 -0.1520633  -0.234414   -0.1875129
  0.903814    0.48876762  0.56942874 -0.5323334   0.34060633 -0.6456819
  0.26562977  0.52391326  0.20935982 -0.5205984  -0.60874206 -0.42801479
  0.4925688   0.6820509 ]
LLVM IR Vector : 
[-0.62068766  0.611355   -0.69066405  0.52828676 -0.06753518 -0.7002324
  0.1354948   0.7616934   0.6297919  -0.42751712 -0.31511295  0.44785893
  0.7008741   0.42336267  0.24802828  0.15332319 -0.0044419   0.61393774
  0.6646931  -0.7699875  -0.697189   -0.6336186  -0.60484445 -0.29163456
 -1.1918902   0.43022308  0.49360815 -0.08569352  0.38692704  0.23233575
 -0.63978004  0.1192942  -0.26796502  0.15209398  0.24718492 -0.44810137
  0.15821517  0.7413815   0.7393871   0.40839347  0.18374486 -0.76172024
 -0.4897701  -0.5279599  -0.6984471   0.12130079 -0.5023627   0.35187733
  0.8754593   0.34148324 -0.82389313 -0.66012543  0.6291256  -0.42590955
 -0.3272321  -0.8045073  -0.77730465 -0.49419865  0.36037177 -0.929871
  0.07259754  0.27428845 -0.7009393  -0.877642   -0.79275465  0.6422213
 -0.5324101  -0.2559317  -0.564995    0.73292416  0.56410533 -0.6762587
  0.7771876  -0.45047054  0.8359779   0.34302828  1.0257524  -0.34269702
 -0.49980485 -0.55788237 -0.71593887 -0.17447689 -0.5326893   0.03532539
  0.5725127   0.5862213   0.8204452   0.5929919  -0.3032204  -0.26155663
  0.2505644   0.45609894 -0.17328365  0.74236065  0.11526376  0.25729972
 -0.5487549   0.69767493  0.04970131  0.58607876  0.21332687  0.49548036
  0.54430413 -0.40630913  0.09088312 -0.64558434  0.3221696   0.6945015
 -0.8965538   0.22173525  0.2751481   0.6819611  -0.6280185   0.65822995
 -0.42276523 -0.7263026  -0.6171973   0.6233616  -0.80065405 -0.9367631
  0.7995928   0.7951882   0.7200191   0.35254505  0.7008859  -0.5975062
  0.6112864   0.6322747   0.3644133   0.8922139   0.48320696 -0.77619696
  0.79270685  0.50608826  0.81789315 -0.76888174 -0.14157313  0.56375813
 -0.47842088 -0.62507784  0.11658378 -0.394       0.75418854  0.18795332
 -0.2610896  -0.4599031   0.58505416  0.50637764  0.8807178   0.11163817
  0.53013     0.31594163  0.14330265 -0.5897405   0.39977652  0.30008602
  0.01526981 -0.59709406 -0.7722187   0.24766853  1.0535667   0.5774003
 -0.47465438 -0.72196704 -0.39334628  0.7748509  -0.63151455  0.26444706
  0.39260253 -0.2140359   0.57289237 -0.15090904  0.40038586 -0.57456434
 -0.55485183 -0.35686973 -0.26782385 -0.9084616   0.3530279  -0.62746054
 -0.7527942   0.39866498  0.27020797 -0.0049096  -0.27440557 -0.66901124
  0.7392576   0.86385924  0.4801195  -0.4062439   0.48369068 -0.73566324
 -0.52162695  0.52460927  0.46173137 -0.6002898  -0.50411457 -0.54761076
  0.29354763  0.5431045 ]
LLVM IR Vector : 
[-4.8963761e-01  5.1975453e-01 -1.7976810e-01  3.7212890e-01
  1.2348678e-01 -4.8728707e-01  2.7197903e-01  5.2780855e-01
  6.6539520e-01 -5.3949666e-01 -2.9260013e-01  3.7380546e-01
  5.5861706e-01  4.3912345e-01 -3.4306964e-01  2.7935910e-01
 -1.3014013e-01  3.8231465e-01  4.5807424e-01 -4.0906557e-01
 -6.1855257e-01 -4.1163206e-01 -7.8318816e-01 -4.8885265e-01
 -7.7797437e-01  4.8114333e-01  4.8721194e-01 -1.1606540e-02
  3.0813751e-01  4.1318652e-01 -3.5926121e-01  4.2630765e-01
 -3.3733609e-01  4.1442987e-01  4.7328064e-01 -4.1533580e-01
  2.9527965e-01  7.6621568e-01  6.1045569e-01  5.2637565e-01
 -2.6344818e-01 -6.7717284e-01 -4.4025171e-01 -5.9055191e-01
 -5.7393783e-01  2.2350189e-01 -5.4272747e-01  5.0629479e-01
  3.9579597e-01  4.5770681e-01 -8.1259865e-01 -6.2715816e-01
  6.3103133e-01 -5.4722762e-01 -5.3977889e-01 -8.6891639e-01
 -5.4669201e-01 -2.7620396e-01  5.0124568e-01 -8.3567971e-01
  3.4440500e-01  3.3047003e-01 -4.1003352e-01 -4.7893596e-01
 -6.7290515e-01  4.3551219e-01 -4.1568267e-01 -4.1659415e-01
 -4.7489488e-01  5.4188228e-01  3.4004965e-01 -4.7221667e-01
  5.1366365e-01 -3.8229820e-01  6.5443403e-01  4.2580715e-01
  7.9517239e-01 -4.3407631e-01 -6.2545538e-01 -8.0039668e-01
 -4.7660869e-01 -4.2098504e-01 -3.4419280e-01 -2.2423507e-01
  2.1384527e-01  7.1589410e-01  8.4116387e-01  8.5223269e-01
 -2.3713671e-01 -4.2024487e-01  4.9713257e-01  7.0138687e-01
 -5.1115727e-01  4.1168863e-01  2.4430168e-01  2.8693438e-01
 -4.0372255e-01  4.1431758e-01 -3.9918065e-01  6.5232271e-01
  2.6970479e-01  7.2799546e-01  3.7872064e-01 -4.6171483e-01
  4.3024734e-01 -6.1645812e-01  5.0308347e-01  8.1666338e-01
 -8.3988219e-01  2.4837608e-04  4.5637146e-01  6.4476401e-01
 -5.1799953e-01  5.1550436e-01 -3.8764569e-01 -6.2027949e-01
 -4.1433713e-01  2.8442860e-01 -7.0168298e-01 -7.7619505e-01
  6.2183446e-01  4.2741126e-01  4.7908568e-01  3.0337584e-01
  5.5068231e-01 -4.8370731e-01  5.6411815e-01  5.6782967e-01
  3.1497633e-01  6.5765983e-01  5.6684798e-01 -6.5513444e-01
  7.0166057e-01  2.7851516e-01  7.4510288e-01 -8.4115911e-01
  2.8551102e-02  7.0537466e-01 -3.5407475e-01 -5.5982882e-01
  3.1556723e-01 -7.4416868e-02  5.4916918e-01  3.5512096e-01
 -3.6703634e-01 -5.5229402e-01  4.9260959e-01  4.3669736e-01
  8.9104128e-01  2.9001591e-01  3.7839746e-01 -1.5367514e-01
  1.0217572e-01 -4.0617895e-01  8.1583148e-01  5.9638643e-01
 -3.9962375e-01 -4.6847472e-01 -5.9520835e-01  4.4822899e-01
  8.3836681e-01  6.3344270e-01 -6.2480313e-01 -5.7499319e-01
 -8.6535193e-02  5.5804425e-01 -5.7599509e-01  5.1216215e-01
  2.2303684e-01 -3.8675168e-01  7.0888221e-01 -3.9785168e-01
  4.5788422e-01 -5.9490860e-01 -6.3371795e-01 -4.9218008e-01
 -2.3648883e-01 -8.5869306e-01  4.8851460e-01 -2.9892290e-01
 -1.7539772e-01  2.4676394e-01  2.8449908e-01  7.2767921e-02
 -9.5052890e-02 -3.5730052e-01  4.7832137e-01  7.4388266e-01
  6.7440635e-01 -4.4215822e-01  5.1020062e-01 -6.2708122e-01
 -3.2005212e-01  2.4351050e-01  4.7313273e-01 -4.7145355e-01
 -4.2413870e-01 -4.8339990e-01  3.4299761e-01  5.6321365e-01]
LLVM IR Vector : 
[-0.54246086  0.37234694 -0.46505296  0.6991237   0.39109182 -0.72185135
  0.24036233  0.60345596  0.5864297  -0.23222458  0.05235802  0.72477794
  0.69986445  0.6943069  -0.00554561  0.6121438   0.09787871  0.44383702
  0.7611044  -0.5813321  -0.6942757  -0.7279014  -0.76351076 -0.12872072
 -0.6851026   0.31595552  0.4254025   0.17536925 -0.10642243  0.54521585
 -0.28063083  0.3047662  -0.3356618  -0.10816075  0.24299988 -0.04011897
  0.49590632  0.8774732   1.0794127   0.35389206 -0.356141   -0.73750085
  0.02580728 -0.3636231  -0.59269845  0.1855955  -0.30352497  0.65087116
  0.4363457   0.6242024  -0.81761825 -0.6553921   0.45389384 -0.5259726
 -0.5836152  -0.5730648  -0.72234416 -0.5206111   0.5283358  -0.8849891
 -0.10298745  0.10128426 -0.662565   -0.42560586 -0.49919295  0.33362132
 -0.34307465 -0.17325404 -0.44601446  0.75734955  0.38734785 -0.7709441
  0.5656183  -0.3314814   0.453591    0.47923863  0.5708103  -0.11902558
 -0.13523161 -0.26243505 -0.50528115 -0.3512406  -0.39665487 -0.18214077
  0.65538985  0.60955656  0.5517338   0.7449034  -0.39897487 -0.44273856
 -0.08656471  0.26773638  0.09444015  0.73385304  0.22199325  0.09440766
 -0.25490466  0.37367672 -0.22647218  0.6465873   0.45291752  0.4846131
  0.44952846 -0.6261427   0.579788   -0.95630765  0.37053913  0.5705099
 -0.59877974 -0.05461913  0.37409657  0.21291775 -0.8334097   0.92274535
 -0.7058519  -0.32630438 -0.6764986   0.53992665 -0.8288321  -0.6798942
  0.8134377   0.35083118  0.3348058   0.35419476  0.78265595 -0.69895923
  0.66444355  0.850696    0.07235122  0.8175428   0.6096075  -0.687375
  0.71005046  0.5792953   0.761678   -0.6167665  -0.32817575  0.7829746
 -0.3283156  -0.2922735   0.2814869  -0.02495157  0.9033821   0.16625714
  0.10325722 -0.17998785  0.42759317  0.5089059   0.9045314   0.28147027
  0.4361315   0.2215044   0.23799649 -0.60334665  0.48853087  0.5135147
  0.1575943  -0.03852541 -0.45670095  0.5176093   0.77112895  0.3593904
 -0.53031045 -0.8042782  -0.10057492  0.24166368 -0.53000534  0.21621157
  0.34502855 -0.48793772  0.6626579  -0.34992787  0.5384343  -0.573042
 -0.5893756  -0.5114073   0.3312012  -0.81997544  0.62757856 -0.565924
 -0.44668904  0.34307554  0.01256321 -0.01306509 -0.14643112 -0.2882058
  0.6774063   0.58004826  0.5853406  -0.36540246  0.23579247 -0.70624703
 -0.71903306  0.5575598   0.656238   -0.26451424 -0.78962857 -0.5737795
  0.56002617  0.69117314]
LLVM IR Vector : 
[-3.82668108e-01  6.81550980e-01 -4.88667846e-01  4.09826279e-01
  1.27385736e-01 -5.13842344e-01  9.94244367e-02  7.28004098e-01
  5.08010745e-01 -3.99174601e-01 -1.21053807e-01  5.78545511e-01
  4.57581401e-01  6.15443587e-01 -4.74892333e-02  3.44830573e-01
 -1.88918889e-01  4.45169032e-01  6.65079772e-01 -5.35387337e-01
 -5.39109230e-01 -3.37007254e-01 -5.09473741e-01 -3.88687134e-01
 -6.72213018e-01  4.92482573e-01  4.11455482e-01 -2.86966609e-03
  1.22752003e-01  3.23693335e-01 -6.59624636e-01  3.02245617e-01
 -3.28734189e-01  5.13899446e-01  5.04056633e-01 -5.25115013e-01
  1.18654840e-01  7.03292608e-01  8.39240491e-01  3.32277954e-01
 -6.28386065e-02 -7.34687984e-01 -5.59733868e-01 -6.52496994e-01
 -5.30655682e-01 -4.38720286e-02 -6.78850174e-01  5.05350590e-01
  6.87618792e-01  3.81243646e-01 -8.06410968e-01 -7.05530703e-01
  3.47369432e-01 -3.49228799e-01 -4.04718727e-01 -8.26496363e-01
 -7.68223584e-01 -4.91345763e-01  3.21722627e-01 -7.18497753e-01
  1.57281458e-01  3.84246893e-02 -7.09347785e-01 -5.89549124e-01
 -7.04641223e-01  2.88705945e-01 -6.18030906e-01 -5.11414826e-01
 -6.03136182e-01  6.01753116e-01  4.14309055e-01 -6.57876611e-01
  5.72334886e-01 -5.28758585e-01  3.94867361e-01  1.14522070e-01
  4.62430179e-01 -3.49086583e-01 -6.41660094e-01 -5.57610989e-01
 -5.43665290e-01 -4.05815989e-01 -4.78513211e-01 -1.68026641e-01
  6.68999434e-01  8.48133028e-01  5.99267840e-01  7.62153208e-01
 -4.36498433e-01 -4.31727707e-01  3.85845959e-01  5.78681946e-01
 -5.70957184e-01  3.00715983e-01  3.80884200e-01  5.21210670e-01
 -6.94540560e-01  6.94807291e-01 -2.42227167e-01  5.50206423e-01
  4.16918308e-01  3.04688871e-01  2.96636105e-01 -5.23011386e-01
  3.57340008e-01 -7.14150310e-01  4.19177443e-01  7.31220603e-01
 -6.74354911e-01  1.77745521e-02  1.19718954e-01  5.73370576e-01
 -7.90527880e-01  5.42527139e-01 -6.33378446e-01 -6.77074075e-01
 -6.67265892e-01  5.50534606e-01 -8.05572093e-01 -8.52879226e-01
  5.35174608e-01  6.07763350e-01  7.13269114e-01  4.50368255e-01
  8.62079501e-01 -5.70964217e-01  5.88801146e-01  8.13552082e-01
  5.41269481e-01  5.58767915e-01  6.84639394e-01 -7.24311054e-01
  3.99890602e-01  1.91958249e-02  9.71871674e-01 -8.73609841e-01
 -2.36472934e-01  7.30701208e-01 -3.41559887e-01 -7.03804791e-01
  2.67784774e-01 -5.88926733e-01  6.85738564e-01  5.15945196e-01
 -4.07778114e-01 -3.72600317e-01  4.20931250e-01  4.36102748e-01
  7.44523466e-01  4.44920927e-01  3.41308773e-01 -1.18521806e-02
  6.68105185e-02 -6.53714597e-01  5.07550716e-01  6.88587487e-01
 -2.09514290e-01 -3.91738266e-01 -5.52265167e-01  2.61137128e-01
  6.49153173e-01  5.33986807e-01 -4.17051286e-01 -4.31519926e-01
 -3.39652300e-01  5.31808317e-01 -7.89084852e-01  3.02687556e-01
  4.50780392e-01 -3.55669886e-01  8.31209719e-01 -2.37486988e-01
  3.74981791e-01 -5.92363834e-01 -3.70383650e-01 -5.68077266e-01
 -9.36468691e-03 -7.12291420e-01  4.82447863e-01 -5.19889653e-01
 -5.37841201e-01  4.04816985e-01  1.92059711e-01 -4.35630296e-04
  3.13379802e-02 -6.28368139e-01  7.47288704e-01  6.98567688e-01
  3.95881176e-01 -5.83182991e-01  5.35555363e-01 -5.55393696e-01
 -4.43271190e-01  4.31858778e-01  4.04205233e-01 -1.83334798e-02
 -4.91190970e-01 -3.46397668e-01  4.90675688e-01  4.02152151e-01]
LLVM IR Vector : 
[-0.50309986  0.45618045 -0.35308987  0.28318122 -0.10362903 -0.49444872
  0.10498294  0.9151747   0.50417817 -0.50930876 -0.3740082   0.27571303
  0.4476465   0.59208673  0.09274019  0.24665146  0.16607924  0.4771509
  0.8016611  -0.61272556 -0.70465106 -0.39498085 -0.59225214 -0.19384979
 -1.0221009   0.49414474  0.67201865 -0.29821914  0.3857779   0.52020097
 -0.5873871   0.40950412 -0.633417    0.26538348  0.3871542  -0.64464605
 -0.03251315  0.7333689   0.83859324  0.37641424  0.10926038 -0.7779141
 -0.39440438 -0.49237353 -0.45406973 -0.02639044 -0.5828854   0.19803108
  0.7653766   0.4512526  -0.7298469  -0.65248775  0.33034566 -0.525637
 -0.44144955 -0.8608958  -0.4935338  -0.39119473  0.3758078  -0.89487565
  0.2716829   0.15620998 -0.49543896 -0.6464701  -0.91084075  0.76440203
 -0.33040679  0.04753264 -0.24224117  0.5704874   0.43579194 -0.7508484
  0.555083   -0.5400483   0.899443    0.2916216   0.6244565  -0.291581
 -0.66029847 -0.75905204 -0.78568786 -0.14025775 -0.27960545 -0.23627143
  0.40998042  0.533654    0.5956905   0.67988646 -0.3559053  -0.3139867
  0.24794377  0.39719456 -0.51810944  0.63825804  0.40752378  0.5530999
 -0.64118105  0.79089606 -0.15345111  0.4459083   0.49990582  0.44307408
  0.38193908 -0.45627403  0.19907512 -0.71099424  0.3417629   0.6109779
 -0.75851977  0.14933199  0.20684756  0.64734924 -0.62487     0.49799725
 -0.54893005 -0.8957262  -0.5435461   0.48952818 -0.72770905 -0.45984626
  0.80001974  0.6761478   0.72804505  0.5067178   0.6546113  -0.61395687
  0.48741165  0.592601    0.31169203  0.62224793  0.37915492 -0.6627852
  0.685748    0.3844646   0.79982847 -0.816901   -0.37004045  0.8017711
 -0.25238562 -0.57943404  0.33109903 -0.4313484   0.7698271   0.45652488
 -0.3394012  -0.47872734  0.7430639   0.3770027   0.9310539   0.08146398
  0.34631658  0.09437441  0.21160384 -0.5143715   0.5284402   0.21908267
  0.01932218 -0.46420664 -0.7503591   0.26767775  0.69898576  0.69301003
 -0.2401981  -0.6124493  -0.36859554  0.61951923 -0.87455624  0.5342452
  0.46395898 -0.47101456  0.7421476  -0.2712758   0.17442171 -0.5128513
 -0.42089528 -0.39829615 -0.36950117 -0.803894    0.6246233  -0.61581236
 -0.6199083   0.36818767  0.11510616 -0.07578328  0.02137797 -0.54428065
  0.7247798   0.52154106  0.509977   -0.44451436  0.8321378  -0.8446677
 -0.39884204  0.40043026  0.3381051  -0.10216807 -0.56405276 -0.4930318
  0.5833418   0.6038018 ]
LLVM IR Vector : 
[-6.95810258e-01  6.57095015e-01 -5.38364530e-01  2.95532644e-01
  1.72612190e-01 -7.49101043e-01  5.26644439e-02  8.28415036e-01
  7.02605486e-01 -5.14565587e-01 -2.33641550e-01  5.15239060e-01
  5.52351236e-01  3.92301381e-01  2.99520586e-02  2.93450296e-01
 -1.84363842e-01  5.42306066e-01  5.91078043e-01 -5.74322999e-01
 -6.96731687e-01 -5.38765192e-01 -4.65163916e-01 -2.99809545e-01
 -8.45951200e-01  3.86616677e-01  6.10257864e-01 -1.09110296e-01
  4.54436630e-01  2.81129777e-01 -7.01321483e-01  3.19677830e-01
 -4.91410822e-01  2.31647715e-01  4.45113540e-01 -4.95060563e-01
  1.13855183e-01  7.42464423e-01  6.83000386e-01  5.78056693e-01
 -1.52809983e-02 -7.19838142e-01 -3.10181707e-01 -5.46505153e-01
 -5.38631439e-01  1.68127179e-01 -6.88295603e-01  3.01456481e-01
  9.41342533e-01  4.17248547e-01 -7.33493745e-01 -4.74687010e-01
  6.26308560e-01 -4.03563589e-01 -3.70011091e-01 -7.47244000e-01
 -6.29750192e-01 -2.65954792e-01  5.13668418e-01 -1.14750183e+00
  2.49839962e-01  2.77349830e-01 -6.63089454e-01 -5.68314731e-01
 -7.90985644e-01  5.73625326e-01 -4.21217710e-01 -2.87520558e-01
 -4.37006116e-01  6.08898997e-01  3.64226967e-01 -7.11228609e-01
  5.80917954e-01 -5.61769545e-01  8.48733544e-01  4.16808873e-01
  1.05155361e+00 -2.93357253e-01 -4.84813541e-01 -6.21331275e-01
 -5.56505263e-01 -1.41617537e-01 -2.47776747e-01 -2.50982136e-01
  5.64405799e-01  6.17831051e-01  6.85234368e-01  4.89417076e-01
 -4.08450365e-01 -2.02024892e-01  2.17874959e-01  4.03741926e-01
 -2.25524470e-01  8.53794456e-01  2.33765632e-01  6.30375326e-01
 -5.86622953e-01  6.07398987e-01  9.83367413e-02  3.78708512e-01
  2.67550379e-01  4.25133109e-01  3.23682100e-01 -4.67740119e-01
  2.48637393e-01 -7.11887777e-01  3.53687227e-01  7.47791827e-01
 -6.22413635e-01  7.81264976e-02  2.56593823e-01  3.92721355e-01
 -7.19135523e-01  5.69330573e-01 -5.72332740e-01 -6.99894190e-01
 -6.14941299e-01  2.28517547e-01 -6.29753053e-01 -8.72067332e-01
  8.59065473e-01  7.18615055e-01  6.43169820e-01  6.25395715e-01
  7.05478966e-01 -6.70022428e-01  4.64377999e-01  1.06621134e+00
  4.09962982e-01  7.48238146e-01  4.03797209e-01 -7.30473459e-01
  7.13577032e-01  3.77500504e-01  7.62115121e-01 -7.98409939e-01
  7.27505758e-02  6.25231981e-01 -2.08793461e-01 -7.51861513e-01
  4.96981964e-02 -4.37128305e-01  7.62367904e-01  3.77910167e-01
 -1.97695076e-01 -5.36471903e-01  5.97122431e-01  2.67043501e-01
  7.39654481e-01  1.78251371e-01  2.96878099e-01 -1.77349970e-01
  3.47116888e-01 -2.98720688e-01  6.31261170e-01  4.29473996e-01
 -1.10865559e-03 -5.75097680e-01 -6.79946959e-01  3.02408278e-01
  7.54876912e-01  2.19446361e-01 -2.01215625e-01 -5.80176115e-01
 -4.57520664e-01  5.16261339e-01 -7.43270278e-01  4.12357777e-01
  5.59666395e-01 -4.15026903e-01  8.62893760e-01 -1.20301723e-01
  4.09374058e-01 -3.93449575e-01 -3.78228873e-01 -5.32965541e-01
 -2.23123014e-01 -7.68274248e-01  4.11853373e-01 -5.07133842e-01
 -3.90190840e-01  3.71353954e-01  3.39337558e-01 -2.24873275e-02
 -2.12292876e-02 -7.40491211e-01  5.29646814e-01  6.45384550e-01
  4.91755098e-01 -5.78039050e-01  5.31066418e-01 -6.36371970e-01
 -5.05134165e-01  5.11035383e-01  3.52641970e-01 -2.76859194e-01
 -6.99035287e-01 -7.21150100e-01  5.61433971e-01  7.61799276e-01]
LLVM IR Vector : 
[-0.36320275  0.6257899  -0.45047688  0.41465238  0.20253095 -0.575842
  0.27251408  0.7486338   0.5496118  -0.3588656  -0.18440583  0.39368916
  0.16228947  0.6112324  -0.04264379 -0.02803126 -0.24307746  0.59123874
  0.72511035 -0.4109469  -0.6631133  -0.5573405  -0.70565534 -0.2313056
 -0.45157352  0.54873693  0.4930753  -0.10172109  0.11533233  0.2943729
 -0.63764346  0.32353663 -0.41628554  0.3326348   0.47972146 -0.49308744
  0.13078676  0.7603581   0.5874247   0.24647367  0.15710898 -0.67707235
 -0.5218962  -0.44319004 -0.6121254   0.10096373 -0.67637295  0.4539898
  0.70616025  0.29143566 -0.4814018  -0.696453    0.35406473 -0.38365722
 -0.6440123  -0.80930877 -1.002463   -0.574313    0.40952846 -0.91005087
  0.12769046  0.17814726 -0.3756303  -0.24249054 -0.7447978   0.4927557
 -0.6939785  -0.23187803 -0.57168525  0.6456917   0.36354953 -0.8365679
  0.7160639  -0.3603038   0.52450305  0.30372486  0.7086108  -0.26829576
 -0.5037484  -0.7369689  -0.62732524 -0.2834104  -0.47595078 -0.20422983
  0.5365672   0.81361985  0.5751582   0.739709   -0.23162106 -0.5857778
  0.5303564   0.5353189  -0.5198837   0.6613573   0.0068284   0.4813851
 -0.75699157  0.55002475 -0.3983837   0.54225105  0.4210577   0.37911054
  0.48764166 -0.4926562   0.2710266  -0.8505547   0.21344842  0.7296021
 -0.65078247  0.19163674  0.00922985  0.47818887 -0.8687689   0.6057813
 -0.37964803 -0.53603643 -0.74559295  0.44890627 -0.7544913  -0.83471465
  0.5622171   0.36246553  0.60627794  0.5346313   0.692099   -0.75507873
  0.69239706  0.6898754   0.35396922  0.68995523  0.5327305  -0.89077866
  0.69197327  0.16663852  0.80107087 -0.6530755  -0.32337648  0.7577684
 -0.06675499 -0.7558728   0.1486367  -0.363105    0.66807926  0.31745464
 -0.22640532 -0.41565102  0.461246    0.24013202  0.731853    0.23238146
  0.4178769   0.00881933 -0.08829354 -0.6278636   0.579504    0.34500974
 -0.28463146 -0.50313705 -0.61135316  0.3808543   0.61455417  0.71705717
 -0.48057848 -0.5084609  -0.27646804  0.50335723 -0.70661485  0.32116452
  0.29604498 -0.08412717  0.6556004  -0.49486154  0.495299   -0.4206177
 -0.5204715  -0.477907   -0.06918997 -0.7969241   0.63228184 -0.6665405
 -0.43200353  0.24736935  0.3286535   0.31717607 -0.137919   -0.6371762
  0.7066355   0.48870587  0.42729488 -0.49925137  0.42365357 -0.8091805
 -0.49514228  0.45136192  0.5493785  -0.02717185 -0.6264214  -0.52343386
  0.58904976  0.54156053]
LLVM IR Vector : 
[-0.42390832  0.54829067 -0.37299627  0.5870645   0.41492903 -0.8698111
  0.5506956   0.51109993  0.2708546  -0.31660724 -0.17250375  0.8913042
  0.6012695   0.69867975 -0.00745892  0.3197111  -0.2048754   0.2319738
  0.6308426  -0.2439143  -0.7383881  -0.617241   -0.6861859  -0.2804552
 -0.84212506  0.5137382   0.5033118   0.15323222 -0.3108289   0.5340883
 -0.4829186   0.71856916 -0.41435194  0.35423693  0.1598665  -0.21245165
  0.19856524  0.72130984  0.8232004   0.07178544 -0.03662925 -0.7251051
 -0.19736733 -0.43800318 -0.15889099  0.4307561  -0.22595897  0.5677816
  0.5823557   0.61419326 -0.73329735 -0.5787275   0.8095546  -0.6735746
 -0.92245126 -0.8193322  -1.0454509  -0.82987595  0.15442407 -0.9722196
  0.2045568   0.17659274 -0.4786986  -0.44070533 -0.5696122   0.5140388
 -0.45164174 -0.2598225  -0.42490292  0.8775727   0.36112073 -0.74724203
  0.42463034 -0.04443424  0.48131493  0.71511376  0.33610794 -0.21321389
 -0.26497316 -0.32771653 -0.7903253  -0.14892949 -0.47136667 -0.54209113
  0.7185207   0.9305683   0.7971851   0.54389197 -0.09554112 -0.03197082
  0.05106012  0.22192599 -0.08119547  0.4948651   0.47105056  0.7001194
 -0.4813291   0.60865784 -0.42985722  0.49641234  0.16601843  0.6965667
  0.5608432  -0.19831319  0.32155886 -1.0358305   0.24950802  0.57373667
 -0.4303548   0.12889141  0.39630494  0.5228351  -0.74066204  0.42347145
 -0.57275057 -0.6170395  -0.96559864  0.53284603 -0.94837385 -0.5095208
  0.7033155   0.08153819  0.54266644  0.33949086  0.84624946 -0.78523016
  0.6499441   0.66223216  0.07868259  0.62223774  0.50654817 -0.39214268
  0.6572026   0.45380145  0.790635   -0.8330388  -0.3586973   0.92132205
  0.1276485  -0.50717574  0.22925536  0.06413019  0.7787388   0.34278625
  0.07920068 -0.46031144  0.4986744   0.5312641   0.7738676   0.2881364
  0.6027109   0.1976782  -0.12680605 -0.7673046   0.5790478   0.5112264
  0.2297006  -0.23781843 -0.52383953  0.21722287  0.76363635  0.5962018
 -0.28436562 -0.65235794 -0.14446318  0.36282772 -0.5751844   0.42252037
  0.06579521 -0.5312476   0.6223768  -0.70986986  0.5265954  -0.5837611
 -0.6130484  -0.54203105 -0.24216047 -0.7259155   0.6707062  -0.5863351
 -0.5484052   0.37867078  0.00504     0.08851998  0.1496189  -0.13864627
  0.65334815  0.48299962  0.5627068  -0.6329753   0.42434296 -0.72423506
 -0.7484492   0.4075527   0.7977491  -0.4081442  -0.5402854  -0.68536633
  0.871466    0.9279769 ]
LLVM IR Vector : 
[-0.42013454  0.42671022 -0.36839277  0.5491749   0.0190986  -0.68872076
  0.361651    0.5211804   0.7174936  -0.39162928 -0.40325186  0.4881623
  0.5584238   0.5211159   0.08073301  0.08491667 -0.27192727  0.6885331
  0.48897952 -0.5060927  -0.5127653  -0.39004484 -0.6086405  -0.19095814
 -0.99870837  0.6408533   0.33075878  0.14565575  0.2095716   0.54759306
 -0.60643184  0.35489506 -0.3947207   0.3637012   0.51563716 -0.40423182
  0.2577055   0.7910199   0.5791134  -0.02520313  0.06110514 -0.8297629
 -0.60460174 -0.5685247  -0.5694703   0.02371111 -0.7259526   0.57276005
  0.7256377   0.5393313  -0.71249753 -0.65511864  0.4703515  -0.6992338
 -0.4428031  -0.9253754  -0.5903374  -0.48990875  0.33196044 -1.0606474
  0.21919373  0.21696351 -0.55130714 -0.5318671  -0.8839764   0.6746079
 -0.3844441  -0.18046468 -0.72153383  0.58074546  0.27688614 -0.7303062
  0.5609845  -0.74776495  0.7313916   0.48446083  0.5412869  -0.45005566
 -0.55809385 -0.47682852 -0.45420152 -0.34554592 -0.3013028  -0.23524006
  0.58875465  0.66888803  0.7029869   0.90179825 -0.31912568 -0.60569936
  0.36120635  0.5917781  -0.37706652  0.48928255  0.4396859   0.51475275
 -0.72863954  0.77000964 -0.49216732  0.65025085  0.03859388  0.4393598
  0.28525922 -0.4373992   0.18105735 -0.78642994  0.26832685  0.67638755
 -0.6943971   0.2266002   0.280176    0.619986   -0.87889826  0.42253053
 -0.5331564  -0.45266262 -0.45651254  0.7619682  -0.73804176 -0.9853218
  0.62516356  0.48603156  0.81735915  0.45842168  0.70678043 -0.67631763
  0.69331133  0.7231678   0.40233257  0.83460873  0.6264512  -0.84063774
  0.6608695   0.10578004  0.96038854 -0.84066904  0.01900708  0.6399731
 -0.30316883 -0.74054337  0.44889715 -0.40061438  0.5029877   0.4104996
 -0.2787709  -0.2937275   0.5440304   0.47643694  0.8000648   0.40342242
  0.20515458  0.20114577  0.21755017 -0.69451994  0.7289314   0.37236732
 -0.34731606 -0.40116394 -0.62253946  0.41535285  0.8117372   0.56258
 -0.57981336 -0.6138968  -0.24848424  0.60076064 -0.57880425  0.25849438
  0.6966238  -0.5029027   0.7709902  -0.45912665  0.4298255  -0.38889
 -0.681994   -0.5302107  -0.13046579 -0.76665175  0.6298268  -0.57029575
 -0.21720797  0.19726638  0.01863495  0.06779463 -0.07154225 -0.5961562
  0.7388348   0.74864024  0.6112513  -0.6073839   0.78225756 -0.81829035
 -0.31198382  0.42489958  0.4298355  -0.02706639 -0.63277817 -0.34907022
  0.5312276   0.57553196]
LLVM IR Vector : 
[-0.4006677   0.3246777  -0.43051773  0.45763758 -0.00923695 -0.6215065
  0.09908699  0.8522559   0.37382713 -0.60709083 -0.18209049  0.28272974
  0.33440834  0.40039635 -0.01084222 -0.01281841 -0.01893952  0.5649554
  0.52107376 -0.59989506 -0.6805567  -0.39424574 -0.56447417 -0.05520943
 -1.2811244   0.28939053  0.4703479   0.04564032  0.18860838  0.10087768
 -0.54706734  0.31244102 -0.3969711   0.2333567   0.43190837 -0.5250376
  0.04327375  0.65598255  0.49804828  0.6416196   0.23419632 -0.77255386
 -0.30772853 -0.5789659  -0.5594939  -0.0519322  -0.72516406  0.38422146
  0.8104449   0.25996742 -0.5532809  -0.43831643  0.6321257  -0.55748385
 -0.37090558 -0.79601043 -0.81894296 -0.4966194   0.40593964 -0.88115346
  0.15961705  0.25984675 -0.49711204 -0.8705184  -0.69390506  0.65349376
 -0.36291024 -0.08744475 -0.69225156  0.44158474  0.4258706  -0.6017392
  0.7280327  -0.29848003  0.70029736  0.5696646   0.7731639  -0.352064
 -0.4331862  -0.81477535 -0.5878108  -0.15425739 -0.14235386 -0.06029543
  0.46502554  0.60379654  0.65723604  0.52875775 -0.42128277 -0.32337064
  0.36874405  0.6856342  -0.50768286  0.536395    0.07659188  0.33914435
 -0.6876153   0.68314165 -0.35227355  0.31753853  0.34447962  0.095529
  0.3087928  -0.22857073  0.04545816 -0.5944392   0.39439946  0.7380471
 -0.8248051   0.1930561   0.30631426  0.63842803 -0.8166648   0.43617895
 -0.47065407 -0.7283132  -0.6221061   0.43430442 -0.7265261  -0.82156813
  0.6122462   0.41166812  0.60510904  0.06277496  0.86005294 -0.5344047
  0.50800467  0.6748517   0.36968568  0.552118    0.53480524 -0.89805514
  0.78064173  0.17078085  0.8498338  -0.64138854 -0.07389598  0.6974736
 -0.30799678 -0.7419576   0.43162018 -0.39310047  0.5638115   0.3821336
 -0.25425425 -0.4236956   0.66888136  0.30057788  0.6835963  -0.02753903
  0.35202464  0.02675264  0.28157753 -0.3862479   0.54863393  0.46362928
 -0.14788146 -0.5395903  -0.6160956   0.361975    0.7960432   0.741072
 -0.58727413 -0.6870131  -0.29961357  0.5076168  -0.6436289   0.29866466
  0.3380076  -0.30358928  0.83738303 -0.34541222  0.5877323  -0.25951296
 -0.43680647 -0.4866928  -0.07721451 -0.7359518   0.65046644 -0.7469711
 -0.735841    0.435048    0.07668583  0.00159304  0.03219813 -0.42188564
  0.6410368   0.5151876   0.46887597 -0.48774981  0.7451236  -0.8524407
 -0.42726368  0.4542816   0.36738518 -0.23997068 -0.594035   -0.34226272
  0.45029134  0.6359231 ]